WET SAMPLES

Phillips 7/11-2X

|  |  |  |
| --- | --- | --- |
| 9240 | 10130 | 10680 |
| 9300 | 10150 | 10740 |
| 9340 | 10170 | 10770 |
| 9380 | 10190 | 10790 |
| 9420 | 10210 | 10810 |
| 9460 | 10220 |  |
| 9500 | 10230 |  |
| 9540 | 10260 |  |
| 9570 | 10270 |  |
| 9600 | 10290 |  |
| 9640 | 10310 |  |
| 9680 | 10330 |  |
| 9700 | 10350 |  |
| 9720 | 10370 |  |
| 9730 | 10390 |  |
| 9780 | 10430 |  |
| 9840 | 10450 |  |
| 9870 | 10470 |  |
| 9890 | 10490 |  |
| 9910 | 10520 |  |
| 9930 | 10540 |  |
| 10000 | 10560 |  |
| 10020 | 10580 |  |
| 10040 | 10600 |  |
| 10050 | 10620 |  |
| 10090 | 10640 |  |
| 10110 | 10650 |  |
